,0
0,0.08411035071478555
1,0.07691575926524664
2,0.08888769581634201
3,0.07866007649714438
4,0.09043720562107212
5,0.08409712321201293
6,0.07185169874189996
7,0.08849989954085653
8,0.08263536554291491
9,0.0760720912101623
10,0.07862566894161374
11,0.07990725574212094
12,0.08954012123113322
13,0.08346395638130576
14,0.07259122922346262
15,0.07878881704608443
16,0.07639154005931528
17,0.09054535117894776
18,0.07785708714521963
19,0.08682250337698594
20,0.08325108639467696
21,0.08209018750694896
22,0.07512757122958773
23,0.07676275705067515
24,0.09003306694433198
25,0.07389460805738385
26,0.07819836924768786
27,0.08421439804835493
28,0.08011482164286642
29,0.08418798179827497
30,0.08347439182048258
31,0.07666359347025352
32,0.089509785819677
33,0.08088709041700941
34,0.07990608173524538
35,0.09387329950746784
36,0.09076965209477994
37,0.07472608595488814
38,0.09066032650917107
39,0.08191002668285272
40,0.08770226700780939
41,0.0822931695956193
42,0.08587041877075584
43,0.07795197382390776
44,0.0676850126923811
45,0.07320908136840301
46,0.07373710703570058
47,0.07999704719637543
48,0.08699777634345648
49,0.07736207214669001
50,0.07503771068096211
51,0.06795472977960591
52,0.08481711963464891
53,0.08869587755578467
54,0.08538735385689308
55,0.0817035584871772
56,0.07125825566085178
57,0.08189108297221803
58,0.07656716668795636
59,0.0734325875033423
60,0.08457309075984362
61,0.07777302515684242
62,0.08616958828759162
63,0.08269089437980297
64,0.0794119711711493
65,0.08270273149822424
66,0.06500814972483708
67,0.0767882363724014
68,0.08693141388480395
69,0.0892888938986713
70,0.09233299846825545
71,0.085460746554809
72,0.08038034220557311
73,0.07383041254901977
74,0.08305934909058116
75,0.07064930887194343
76,0.09279693725708958
77,0.07891472111733515
78,0.07113870497025204
79,0.07854108787146379
80,0.07604710658864516
81,0.07035338801484896
82,0.07897995597730044
83,0.08723329476965035
84,0.08682134643162862
85,0.08794381974022038
86,0.0798805048377135
87,0.08012670913636138
88,0.0870036200165655
89,0.07917023350296436
90,0.0756135207079696
91,0.08533682097654248
92,0.08044556765472373
93,0.08420161829577823
94,0.07979998400613271
95,0.08822034624125448
96,0.08067780449598405
97,0.07993604932416151
98,0.07223035674306214
99,0.07605871495332656
